{
 "cells": [
  {
   "cell_type": "code",
   "execution_count": 2,
   "id": "f2058d2f",
   "metadata": {},
   "outputs": [],
   "source": [
    "from pathlib import Path\n",
    "import numpy as np\n",
    "import pandas as pd\n",
    "\n",
    "import matplotlib.pyplot as plt\n",
    "import seaborn as sns\n",
    "\n",
    "sns.set_theme(style=\"white\")\n",
    "\n",
    "df = pd.read_csv(\"../data/raw/student-mat.csv\", sep=\";\")"
   ]
  },
  {
   "cell_type": "code",
   "execution_count": 3,
   "id": "bc8a9107",
   "metadata": {},
   "outputs": [
    {
     "name": "stdout",
     "output_type": "stream",
     "text": [
      "(395, 33)\n",
      "Index(['school', 'sex', 'age', 'address', 'famsize', 'Pstatus', 'Medu', 'Fedu',\n",
      "       'Mjob', 'Fjob', 'reason', 'guardian', 'traveltime', 'studytime',\n",
      "       'failures', 'schoolsup', 'famsup', 'paid', 'activities', 'nursery',\n",
      "       'higher', 'internet', 'romantic', 'famrel', 'freetime', 'goout', 'Dalc',\n",
      "       'Walc', 'health', 'absences', 'G1', 'G2', 'G3'],\n",
      "      dtype='object')\n"
     ]
    },
    {
     "data": {
      "text/html": [
       "<div>\n",
       "<style scoped>\n",
       "    .dataframe tbody tr th:only-of-type {\n",
       "        vertical-align: middle;\n",
       "    }\n",
       "\n",
       "    .dataframe tbody tr th {\n",
       "        vertical-align: top;\n",
       "    }\n",
       "\n",
       "    .dataframe thead th {\n",
       "        text-align: right;\n",
       "    }\n",
       "</style>\n",
       "<table border=\"1\" class=\"dataframe\">\n",
       "  <thead>\n",
       "    <tr style=\"text-align: right;\">\n",
       "      <th></th>\n",
       "      <th>school</th>\n",
       "      <th>sex</th>\n",
       "      <th>age</th>\n",
       "      <th>address</th>\n",
       "      <th>famsize</th>\n",
       "      <th>Pstatus</th>\n",
       "      <th>Medu</th>\n",
       "      <th>Fedu</th>\n",
       "      <th>Mjob</th>\n",
       "      <th>Fjob</th>\n",
       "      <th>...</th>\n",
       "      <th>famrel</th>\n",
       "      <th>freetime</th>\n",
       "      <th>goout</th>\n",
       "      <th>Dalc</th>\n",
       "      <th>Walc</th>\n",
       "      <th>health</th>\n",
       "      <th>absences</th>\n",
       "      <th>G1</th>\n",
       "      <th>G2</th>\n",
       "      <th>G3</th>\n",
       "    </tr>\n",
       "  </thead>\n",
       "  <tbody>\n",
       "    <tr>\n",
       "      <th>0</th>\n",
       "      <td>GP</td>\n",
       "      <td>F</td>\n",
       "      <td>18</td>\n",
       "      <td>U</td>\n",
       "      <td>GT3</td>\n",
       "      <td>A</td>\n",
       "      <td>4</td>\n",
       "      <td>4</td>\n",
       "      <td>at_home</td>\n",
       "      <td>teacher</td>\n",
       "      <td>...</td>\n",
       "      <td>4</td>\n",
       "      <td>3</td>\n",
       "      <td>4</td>\n",
       "      <td>1</td>\n",
       "      <td>1</td>\n",
       "      <td>3</td>\n",
       "      <td>6</td>\n",
       "      <td>5</td>\n",
       "      <td>6</td>\n",
       "      <td>6</td>\n",
       "    </tr>\n",
       "    <tr>\n",
       "      <th>1</th>\n",
       "      <td>GP</td>\n",
       "      <td>F</td>\n",
       "      <td>17</td>\n",
       "      <td>U</td>\n",
       "      <td>GT3</td>\n",
       "      <td>T</td>\n",
       "      <td>1</td>\n",
       "      <td>1</td>\n",
       "      <td>at_home</td>\n",
       "      <td>other</td>\n",
       "      <td>...</td>\n",
       "      <td>5</td>\n",
       "      <td>3</td>\n",
       "      <td>3</td>\n",
       "      <td>1</td>\n",
       "      <td>1</td>\n",
       "      <td>3</td>\n",
       "      <td>4</td>\n",
       "      <td>5</td>\n",
       "      <td>5</td>\n",
       "      <td>6</td>\n",
       "    </tr>\n",
       "    <tr>\n",
       "      <th>2</th>\n",
       "      <td>GP</td>\n",
       "      <td>F</td>\n",
       "      <td>15</td>\n",
       "      <td>U</td>\n",
       "      <td>LE3</td>\n",
       "      <td>T</td>\n",
       "      <td>1</td>\n",
       "      <td>1</td>\n",
       "      <td>at_home</td>\n",
       "      <td>other</td>\n",
       "      <td>...</td>\n",
       "      <td>4</td>\n",
       "      <td>3</td>\n",
       "      <td>2</td>\n",
       "      <td>2</td>\n",
       "      <td>3</td>\n",
       "      <td>3</td>\n",
       "      <td>10</td>\n",
       "      <td>7</td>\n",
       "      <td>8</td>\n",
       "      <td>10</td>\n",
       "    </tr>\n",
       "    <tr>\n",
       "      <th>3</th>\n",
       "      <td>GP</td>\n",
       "      <td>F</td>\n",
       "      <td>15</td>\n",
       "      <td>U</td>\n",
       "      <td>GT3</td>\n",
       "      <td>T</td>\n",
       "      <td>4</td>\n",
       "      <td>2</td>\n",
       "      <td>health</td>\n",
       "      <td>services</td>\n",
       "      <td>...</td>\n",
       "      <td>3</td>\n",
       "      <td>2</td>\n",
       "      <td>2</td>\n",
       "      <td>1</td>\n",
       "      <td>1</td>\n",
       "      <td>5</td>\n",
       "      <td>2</td>\n",
       "      <td>15</td>\n",
       "      <td>14</td>\n",
       "      <td>15</td>\n",
       "    </tr>\n",
       "    <tr>\n",
       "      <th>4</th>\n",
       "      <td>GP</td>\n",
       "      <td>F</td>\n",
       "      <td>16</td>\n",
       "      <td>U</td>\n",
       "      <td>GT3</td>\n",
       "      <td>T</td>\n",
       "      <td>3</td>\n",
       "      <td>3</td>\n",
       "      <td>other</td>\n",
       "      <td>other</td>\n",
       "      <td>...</td>\n",
       "      <td>4</td>\n",
       "      <td>3</td>\n",
       "      <td>2</td>\n",
       "      <td>1</td>\n",
       "      <td>2</td>\n",
       "      <td>5</td>\n",
       "      <td>4</td>\n",
       "      <td>6</td>\n",
       "      <td>10</td>\n",
       "      <td>10</td>\n",
       "    </tr>\n",
       "  </tbody>\n",
       "</table>\n",
       "<p>5 rows × 33 columns</p>\n",
       "</div>"
      ],
      "text/plain": [
       "  school sex  age address famsize Pstatus  Medu  Fedu     Mjob      Fjob  ...  \\\n",
       "0     GP   F   18       U     GT3       A     4     4  at_home   teacher  ...   \n",
       "1     GP   F   17       U     GT3       T     1     1  at_home     other  ...   \n",
       "2     GP   F   15       U     LE3       T     1     1  at_home     other  ...   \n",
       "3     GP   F   15       U     GT3       T     4     2   health  services  ...   \n",
       "4     GP   F   16       U     GT3       T     3     3    other     other  ...   \n",
       "\n",
       "  famrel freetime  goout  Dalc  Walc health absences  G1  G2  G3  \n",
       "0      4        3      4     1     1      3        6   5   6   6  \n",
       "1      5        3      3     1     1      3        4   5   5   6  \n",
       "2      4        3      2     2     3      3       10   7   8  10  \n",
       "3      3        2      2     1     1      5        2  15  14  15  \n",
       "4      4        3      2     1     2      5        4   6  10  10  \n",
       "\n",
       "[5 rows x 33 columns]"
      ]
     },
     "metadata": {},
     "output_type": "display_data"
    }
   ],
   "source": [
    "print(df.shape)\n",
    "\n",
    "print(df.columns)\n",
    "\n",
    "display(df.head())"
   ]
  },
  {
   "cell_type": "code",
   "execution_count": 4,
   "id": "efc6eba4",
   "metadata": {},
   "outputs": [],
   "source": [
    "df.columns = df.columns.str.strip()"
   ]
  },
  {
   "cell_type": "code",
   "execution_count": 5,
   "id": "3cb0ea80",
   "metadata": {},
   "outputs": [],
   "source": [
    "if \"G3\" not in df.columns:\n",
    "    raise KeyError(\"G3 not found.\")"
   ]
  },
  {
   "cell_type": "code",
   "execution_count": 6,
   "id": "4ee7911f",
   "metadata": {},
   "outputs": [],
   "source": [
    "for col in [\"G1\",\"G2\",\"G3\"]:\n",
    "    df[col] = pd.to_numeric(df[col], errors=\"coerce\")"
   ]
  },
  {
   "cell_type": "code",
   "execution_count": 7,
   "id": "765c9303",
   "metadata": {},
   "outputs": [
    {
     "name": "stdout",
     "output_type": "stream",
     "text": [
      "G1    0\n",
      "G2    0\n",
      "G3    0\n",
      "dtype: int64\n"
     ]
    }
   ],
   "source": [
    "print(df[[\"G1\",\"G2\",\"G3\"]].isna().sum())"
   ]
  },
  {
   "cell_type": "code",
   "execution_count": 8,
   "id": "50c1e220",
   "metadata": {},
   "outputs": [],
   "source": [
    "numeric_df = df.select_dtypes(include=\"number\")"
   ]
  },
  {
   "cell_type": "code",
   "execution_count": 9,
   "id": "9c3d11ac",
   "metadata": {},
   "outputs": [],
   "source": [
    "corr = numeric_df.corr(method=\"pearson\")"
   ]
  },
  {
   "cell_type": "code",
   "execution_count": 10,
   "id": "0934ca3f",
   "metadata": {},
   "outputs": [
    {
     "data": {
      "text/html": [
       "<div>\n",
       "<style scoped>\n",
       "    .dataframe tbody tr th:only-of-type {\n",
       "        vertical-align: middle;\n",
       "    }\n",
       "\n",
       "    .dataframe tbody tr th {\n",
       "        vertical-align: top;\n",
       "    }\n",
       "\n",
       "    .dataframe thead th {\n",
       "        text-align: right;\n",
       "    }\n",
       "</style>\n",
       "<table border=\"1\" class=\"dataframe\">\n",
       "  <thead>\n",
       "    <tr style=\"text-align: right;\">\n",
       "      <th></th>\n",
       "      <th>age</th>\n",
       "      <th>Medu</th>\n",
       "      <th>Fedu</th>\n",
       "      <th>traveltime</th>\n",
       "      <th>studytime</th>\n",
       "      <th>failures</th>\n",
       "      <th>famrel</th>\n",
       "      <th>freetime</th>\n",
       "      <th>goout</th>\n",
       "      <th>Dalc</th>\n",
       "      <th>Walc</th>\n",
       "      <th>health</th>\n",
       "      <th>absences</th>\n",
       "      <th>G1</th>\n",
       "      <th>G2</th>\n",
       "      <th>G3</th>\n",
       "    </tr>\n",
       "  </thead>\n",
       "  <tbody>\n",
       "    <tr>\n",
       "      <th>age</th>\n",
       "      <td>1.000</td>\n",
       "      <td>-0.164</td>\n",
       "      <td>-0.163</td>\n",
       "      <td>0.071</td>\n",
       "      <td>-0.004</td>\n",
       "      <td>0.244</td>\n",
       "      <td>0.054</td>\n",
       "      <td>0.016</td>\n",
       "      <td>0.127</td>\n",
       "      <td>0.131</td>\n",
       "      <td>0.117</td>\n",
       "      <td>-0.062</td>\n",
       "      <td>0.175</td>\n",
       "      <td>-0.064</td>\n",
       "      <td>-0.143</td>\n",
       "      <td>-0.162</td>\n",
       "    </tr>\n",
       "    <tr>\n",
       "      <th>Medu</th>\n",
       "      <td>-0.164</td>\n",
       "      <td>1.000</td>\n",
       "      <td>0.623</td>\n",
       "      <td>-0.172</td>\n",
       "      <td>0.065</td>\n",
       "      <td>-0.237</td>\n",
       "      <td>-0.004</td>\n",
       "      <td>0.031</td>\n",
       "      <td>0.064</td>\n",
       "      <td>0.020</td>\n",
       "      <td>-0.047</td>\n",
       "      <td>-0.047</td>\n",
       "      <td>0.100</td>\n",
       "      <td>0.205</td>\n",
       "      <td>0.216</td>\n",
       "      <td>0.217</td>\n",
       "    </tr>\n",
       "    <tr>\n",
       "      <th>Fedu</th>\n",
       "      <td>-0.163</td>\n",
       "      <td>0.623</td>\n",
       "      <td>1.000</td>\n",
       "      <td>-0.158</td>\n",
       "      <td>-0.009</td>\n",
       "      <td>-0.250</td>\n",
       "      <td>-0.001</td>\n",
       "      <td>-0.013</td>\n",
       "      <td>0.043</td>\n",
       "      <td>0.002</td>\n",
       "      <td>-0.013</td>\n",
       "      <td>0.015</td>\n",
       "      <td>0.024</td>\n",
       "      <td>0.190</td>\n",
       "      <td>0.165</td>\n",
       "      <td>0.152</td>\n",
       "    </tr>\n",
       "    <tr>\n",
       "      <th>traveltime</th>\n",
       "      <td>0.071</td>\n",
       "      <td>-0.172</td>\n",
       "      <td>-0.158</td>\n",
       "      <td>1.000</td>\n",
       "      <td>-0.101</td>\n",
       "      <td>0.092</td>\n",
       "      <td>-0.017</td>\n",
       "      <td>-0.017</td>\n",
       "      <td>0.029</td>\n",
       "      <td>0.138</td>\n",
       "      <td>0.134</td>\n",
       "      <td>0.008</td>\n",
       "      <td>-0.013</td>\n",
       "      <td>-0.093</td>\n",
       "      <td>-0.153</td>\n",
       "      <td>-0.117</td>\n",
       "    </tr>\n",
       "    <tr>\n",
       "      <th>studytime</th>\n",
       "      <td>-0.004</td>\n",
       "      <td>0.065</td>\n",
       "      <td>-0.009</td>\n",
       "      <td>-0.101</td>\n",
       "      <td>1.000</td>\n",
       "      <td>-0.174</td>\n",
       "      <td>0.040</td>\n",
       "      <td>-0.143</td>\n",
       "      <td>-0.064</td>\n",
       "      <td>-0.196</td>\n",
       "      <td>-0.254</td>\n",
       "      <td>-0.076</td>\n",
       "      <td>-0.063</td>\n",
       "      <td>0.161</td>\n",
       "      <td>0.136</td>\n",
       "      <td>0.098</td>\n",
       "    </tr>\n",
       "    <tr>\n",
       "      <th>failures</th>\n",
       "      <td>0.244</td>\n",
       "      <td>-0.237</td>\n",
       "      <td>-0.250</td>\n",
       "      <td>0.092</td>\n",
       "      <td>-0.174</td>\n",
       "      <td>1.000</td>\n",
       "      <td>-0.044</td>\n",
       "      <td>0.092</td>\n",
       "      <td>0.125</td>\n",
       "      <td>0.136</td>\n",
       "      <td>0.142</td>\n",
       "      <td>0.066</td>\n",
       "      <td>0.064</td>\n",
       "      <td>-0.355</td>\n",
       "      <td>-0.356</td>\n",
       "      <td>-0.360</td>\n",
       "    </tr>\n",
       "    <tr>\n",
       "      <th>famrel</th>\n",
       "      <td>0.054</td>\n",
       "      <td>-0.004</td>\n",
       "      <td>-0.001</td>\n",
       "      <td>-0.017</td>\n",
       "      <td>0.040</td>\n",
       "      <td>-0.044</td>\n",
       "      <td>1.000</td>\n",
       "      <td>0.151</td>\n",
       "      <td>0.065</td>\n",
       "      <td>-0.078</td>\n",
       "      <td>-0.113</td>\n",
       "      <td>0.094</td>\n",
       "      <td>-0.044</td>\n",
       "      <td>0.022</td>\n",
       "      <td>-0.018</td>\n",
       "      <td>0.051</td>\n",
       "    </tr>\n",
       "    <tr>\n",
       "      <th>freetime</th>\n",
       "      <td>0.016</td>\n",
       "      <td>0.031</td>\n",
       "      <td>-0.013</td>\n",
       "      <td>-0.017</td>\n",
       "      <td>-0.143</td>\n",
       "      <td>0.092</td>\n",
       "      <td>0.151</td>\n",
       "      <td>1.000</td>\n",
       "      <td>0.285</td>\n",
       "      <td>0.209</td>\n",
       "      <td>0.148</td>\n",
       "      <td>0.076</td>\n",
       "      <td>-0.058</td>\n",
       "      <td>0.013</td>\n",
       "      <td>-0.014</td>\n",
       "      <td>0.011</td>\n",
       "    </tr>\n",
       "    <tr>\n",
       "      <th>goout</th>\n",
       "      <td>0.127</td>\n",
       "      <td>0.064</td>\n",
       "      <td>0.043</td>\n",
       "      <td>0.029</td>\n",
       "      <td>-0.064</td>\n",
       "      <td>0.125</td>\n",
       "      <td>0.065</td>\n",
       "      <td>0.285</td>\n",
       "      <td>1.000</td>\n",
       "      <td>0.267</td>\n",
       "      <td>0.420</td>\n",
       "      <td>-0.010</td>\n",
       "      <td>0.044</td>\n",
       "      <td>-0.149</td>\n",
       "      <td>-0.162</td>\n",
       "      <td>-0.133</td>\n",
       "    </tr>\n",
       "    <tr>\n",
       "      <th>Dalc</th>\n",
       "      <td>0.131</td>\n",
       "      <td>0.020</td>\n",
       "      <td>0.002</td>\n",
       "      <td>0.138</td>\n",
       "      <td>-0.196</td>\n",
       "      <td>0.136</td>\n",
       "      <td>-0.078</td>\n",
       "      <td>0.209</td>\n",
       "      <td>0.267</td>\n",
       "      <td>1.000</td>\n",
       "      <td>0.648</td>\n",
       "      <td>0.077</td>\n",
       "      <td>0.112</td>\n",
       "      <td>-0.094</td>\n",
       "      <td>-0.064</td>\n",
       "      <td>-0.055</td>\n",
       "    </tr>\n",
       "    <tr>\n",
       "      <th>Walc</th>\n",
       "      <td>0.117</td>\n",
       "      <td>-0.047</td>\n",
       "      <td>-0.013</td>\n",
       "      <td>0.134</td>\n",
       "      <td>-0.254</td>\n",
       "      <td>0.142</td>\n",
       "      <td>-0.113</td>\n",
       "      <td>0.148</td>\n",
       "      <td>0.420</td>\n",
       "      <td>0.648</td>\n",
       "      <td>1.000</td>\n",
       "      <td>0.092</td>\n",
       "      <td>0.136</td>\n",
       "      <td>-0.126</td>\n",
       "      <td>-0.085</td>\n",
       "      <td>-0.052</td>\n",
       "    </tr>\n",
       "    <tr>\n",
       "      <th>health</th>\n",
       "      <td>-0.062</td>\n",
       "      <td>-0.047</td>\n",
       "      <td>0.015</td>\n",
       "      <td>0.008</td>\n",
       "      <td>-0.076</td>\n",
       "      <td>0.066</td>\n",
       "      <td>0.094</td>\n",
       "      <td>0.076</td>\n",
       "      <td>-0.010</td>\n",
       "      <td>0.077</td>\n",
       "      <td>0.092</td>\n",
       "      <td>1.000</td>\n",
       "      <td>-0.030</td>\n",
       "      <td>-0.073</td>\n",
       "      <td>-0.098</td>\n",
       "      <td>-0.061</td>\n",
       "    </tr>\n",
       "    <tr>\n",
       "      <th>absences</th>\n",
       "      <td>0.175</td>\n",
       "      <td>0.100</td>\n",
       "      <td>0.024</td>\n",
       "      <td>-0.013</td>\n",
       "      <td>-0.063</td>\n",
       "      <td>0.064</td>\n",
       "      <td>-0.044</td>\n",
       "      <td>-0.058</td>\n",
       "      <td>0.044</td>\n",
       "      <td>0.112</td>\n",
       "      <td>0.136</td>\n",
       "      <td>-0.030</td>\n",
       "      <td>1.000</td>\n",
       "      <td>-0.031</td>\n",
       "      <td>-0.032</td>\n",
       "      <td>0.034</td>\n",
       "    </tr>\n",
       "    <tr>\n",
       "      <th>G1</th>\n",
       "      <td>-0.064</td>\n",
       "      <td>0.205</td>\n",
       "      <td>0.190</td>\n",
       "      <td>-0.093</td>\n",
       "      <td>0.161</td>\n",
       "      <td>-0.355</td>\n",
       "      <td>0.022</td>\n",
       "      <td>0.013</td>\n",
       "      <td>-0.149</td>\n",
       "      <td>-0.094</td>\n",
       "      <td>-0.126</td>\n",
       "      <td>-0.073</td>\n",
       "      <td>-0.031</td>\n",
       "      <td>1.000</td>\n",
       "      <td>0.852</td>\n",
       "      <td>0.801</td>\n",
       "    </tr>\n",
       "    <tr>\n",
       "      <th>G2</th>\n",
       "      <td>-0.143</td>\n",
       "      <td>0.216</td>\n",
       "      <td>0.165</td>\n",
       "      <td>-0.153</td>\n",
       "      <td>0.136</td>\n",
       "      <td>-0.356</td>\n",
       "      <td>-0.018</td>\n",
       "      <td>-0.014</td>\n",
       "      <td>-0.162</td>\n",
       "      <td>-0.064</td>\n",
       "      <td>-0.085</td>\n",
       "      <td>-0.098</td>\n",
       "      <td>-0.032</td>\n",
       "      <td>0.852</td>\n",
       "      <td>1.000</td>\n",
       "      <td>0.905</td>\n",
       "    </tr>\n",
       "    <tr>\n",
       "      <th>G3</th>\n",
       "      <td>-0.162</td>\n",
       "      <td>0.217</td>\n",
       "      <td>0.152</td>\n",
       "      <td>-0.117</td>\n",
       "      <td>0.098</td>\n",
       "      <td>-0.360</td>\n",
       "      <td>0.051</td>\n",
       "      <td>0.011</td>\n",
       "      <td>-0.133</td>\n",
       "      <td>-0.055</td>\n",
       "      <td>-0.052</td>\n",
       "      <td>-0.061</td>\n",
       "      <td>0.034</td>\n",
       "      <td>0.801</td>\n",
       "      <td>0.905</td>\n",
       "      <td>1.000</td>\n",
       "    </tr>\n",
       "  </tbody>\n",
       "</table>\n",
       "</div>"
      ],
      "text/plain": [
       "              age   Medu   Fedu  traveltime  studytime  failures  famrel  \\\n",
       "age         1.000 -0.164 -0.163       0.071     -0.004     0.244   0.054   \n",
       "Medu       -0.164  1.000  0.623      -0.172      0.065    -0.237  -0.004   \n",
       "Fedu       -0.163  0.623  1.000      -0.158     -0.009    -0.250  -0.001   \n",
       "traveltime  0.071 -0.172 -0.158       1.000     -0.101     0.092  -0.017   \n",
       "studytime  -0.004  0.065 -0.009      -0.101      1.000    -0.174   0.040   \n",
       "failures    0.244 -0.237 -0.250       0.092     -0.174     1.000  -0.044   \n",
       "famrel      0.054 -0.004 -0.001      -0.017      0.040    -0.044   1.000   \n",
       "freetime    0.016  0.031 -0.013      -0.017     -0.143     0.092   0.151   \n",
       "goout       0.127  0.064  0.043       0.029     -0.064     0.125   0.065   \n",
       "Dalc        0.131  0.020  0.002       0.138     -0.196     0.136  -0.078   \n",
       "Walc        0.117 -0.047 -0.013       0.134     -0.254     0.142  -0.113   \n",
       "health     -0.062 -0.047  0.015       0.008     -0.076     0.066   0.094   \n",
       "absences    0.175  0.100  0.024      -0.013     -0.063     0.064  -0.044   \n",
       "G1         -0.064  0.205  0.190      -0.093      0.161    -0.355   0.022   \n",
       "G2         -0.143  0.216  0.165      -0.153      0.136    -0.356  -0.018   \n",
       "G3         -0.162  0.217  0.152      -0.117      0.098    -0.360   0.051   \n",
       "\n",
       "            freetime  goout   Dalc   Walc  health  absences     G1     G2  \\\n",
       "age            0.016  0.127  0.131  0.117  -0.062     0.175 -0.064 -0.143   \n",
       "Medu           0.031  0.064  0.020 -0.047  -0.047     0.100  0.205  0.216   \n",
       "Fedu          -0.013  0.043  0.002 -0.013   0.015     0.024  0.190  0.165   \n",
       "traveltime    -0.017  0.029  0.138  0.134   0.008    -0.013 -0.093 -0.153   \n",
       "studytime     -0.143 -0.064 -0.196 -0.254  -0.076    -0.063  0.161  0.136   \n",
       "failures       0.092  0.125  0.136  0.142   0.066     0.064 -0.355 -0.356   \n",
       "famrel         0.151  0.065 -0.078 -0.113   0.094    -0.044  0.022 -0.018   \n",
       "freetime       1.000  0.285  0.209  0.148   0.076    -0.058  0.013 -0.014   \n",
       "goout          0.285  1.000  0.267  0.420  -0.010     0.044 -0.149 -0.162   \n",
       "Dalc           0.209  0.267  1.000  0.648   0.077     0.112 -0.094 -0.064   \n",
       "Walc           0.148  0.420  0.648  1.000   0.092     0.136 -0.126 -0.085   \n",
       "health         0.076 -0.010  0.077  0.092   1.000    -0.030 -0.073 -0.098   \n",
       "absences      -0.058  0.044  0.112  0.136  -0.030     1.000 -0.031 -0.032   \n",
       "G1             0.013 -0.149 -0.094 -0.126  -0.073    -0.031  1.000  0.852   \n",
       "G2            -0.014 -0.162 -0.064 -0.085  -0.098    -0.032  0.852  1.000   \n",
       "G3             0.011 -0.133 -0.055 -0.052  -0.061     0.034  0.801  0.905   \n",
       "\n",
       "               G3  \n",
       "age        -0.162  \n",
       "Medu        0.217  \n",
       "Fedu        0.152  \n",
       "traveltime -0.117  \n",
       "studytime   0.098  \n",
       "failures   -0.360  \n",
       "famrel      0.051  \n",
       "freetime    0.011  \n",
       "goout      -0.133  \n",
       "Dalc       -0.055  \n",
       "Walc       -0.052  \n",
       "health     -0.061  \n",
       "absences    0.034  \n",
       "G1          0.801  \n",
       "G2          0.905  \n",
       "G3          1.000  "
      ]
     },
     "metadata": {},
     "output_type": "display_data"
    }
   ],
   "source": [
    "display(corr.round(3))"
   ]
  },
  {
   "cell_type": "code",
   "execution_count": 11,
   "id": "9b25dca0",
   "metadata": {},
   "outputs": [
    {
     "data": {
